header: 
  seq: 3042
  stamp: 
    secs: 413
    nsecs: 460000000
  frame_id: "laser_link"
angle_min: -1.5707999467849731
angle_max: 1.5707999467849731
angle_increment: 0.008333156816661358
time_increment: 0.0
scan_time: 0.0
range_min: 0.10000000149011612
range_max: 12.0
ranges: [0.5650957822799683, 0.561891496181488, 0.5694597363471985, 0.5751448273658752, 0.5511720180511475, 0.5808013081550598, 0.548004150390625, 0.5736883878707886, 0.595694363117218, 0.5935132503509521, 0.6225400567054749, 0.603546679019928, 0.5900284647941589, 0.5928525924682617, 0.6037093997001648, 0.6079545021057129, 0.6051867604255676, 0.6057682037353516, 0.6153969764709473, 0.6243056058883667, 0.626590371131897, 0.6249927282333374, 0.6444079279899597, 0.6245524883270264, 0.6566596627235413, 0.6489580273628235, 0.6441209316253662, 0.6584225296974182, 0.6665977239608765, 0.6513282656669617, 0.666563868522644, 0.6819033026695251, 0.6584920883178711, 0.6830337047576904, 0.6786424517631531, 0.7000610828399658, 0.7072858214378357, 0.7046825885772705, 0.7011691331863403, 0.7349702715873718, 0.7237803936004639, 0.7408804297447205, 0.7427594661712646, 0.7428081631660461, 0.7629444003105164, 0.7585074305534363, 0.7527981996536255, 0.7636099457740784, 0.7883436679840088, 0.7852415442466736, 0.7990994453430176, 0.795330822467804, 0.812014102935791, 0.8331461548805237, 0.8161860108375549, 0.8320827484130859, 0.8602617979049683, 0.8520705699920654, 0.8692448139190674, 0.883989691734314, 0.8833153247833252, 0.9003349542617798, 0.9232862591743469, 0.9099257588386536, 0.9357324242591858, 0.9660798907279968, 0.9641966819763184, 0.9837322235107422, 0.9643989205360413, 1.0152926445007324, 1.0207860469818115, 1.040812373161316, 1.056069254875183, 1.0675232410430908, 1.108099341392517, 1.1163685321807861, 1.1295428276062012, 1.132544755935669, 1.1921069622039795, 1.202270746231079, 1.2123223543167114, 1.240254521369934, 1.2654438018798828, 1.2755411863327026, 1.2853813171386719, 1.3355638980865479, 1.3559134006500244, 1.3941878080368042, 1.43507719039917, 1.452929973602295, 1.4927586317062378, 1.5347660779953003, 1.550374984741211, 1.605309009552002, 1.6351566314697266, 1.6898200511932373, 1.7336037158966064, 1.7933473587036133, 1.839254379272461, 1.8993803262710571, 1.9609426259994507, 2.011829376220703, 2.073829412460327, 2.16365122795105, 2.237123727798462, inf, inf, inf, inf, inf, 2.718268632888794, 2.7055423259735107, 2.685685634613037, 2.6839547157287598, 2.722141981124878, 2.729606866836548, 3.327298402786255, 3.3211894035339355, 3.3729617595672607, 3.636234998703003, 3.6158111095428467, 3.619821310043335, 3.6344854831695557, 1.0065573453903198, 1.0121172666549683, 0.9858803749084473, 0.9942832589149475, 1.023998498916626, 0.999039888381958, 0.9942293167114258, 0.9896043539047241, 0.9926079511642456, 1.0053560733795166, 0.993748664855957, 1.0071728229522705, 1.0083110332489014, 1.0109277963638306, 1.0058876276016235, 1.0167405605316162, 1.0147167444229126, 1.0072625875473022, 1.000203251838684, 0.9935262799263, 1.0211799144744873, 1.0135304927825928, 1.0032520294189453, 1.0099003314971924, 0.9960256814956665, 1.0113486051559448, 1.0131340026855469, 0.9960633516311646, 1.0019421577453613, 1.0099437236785889, 1.0197902917861938, 1.005725622177124, 1.0219292640686035, 1.020911455154419, 1.022684097290039, 0.9962595105171204, 1.0199772119522095, 1.034482479095459, 1.0256834030151367, 1.0216890573501587, 1.0366296768188477, 1.2122821807861328, 1.1796036958694458, 1.1582331657409668, 1.1261769533157349, 1.0841652154922485, 1.0663217306137085, 1.0628602504730225, 1.0722205638885498, 1.0736663341522217, 1.0702993869781494, 1.057979702949524, 1.079686164855957, 1.0811752080917358, 1.0782212018966675, 1.071406602859497, 1.0880563259124756, 1.0887129306793213, 1.092458724975586, 1.105442762374878, 1.1026084423065186, 1.1127407550811768, 1.1029131412506104, 1.1138544082641602, 1.1243374347686768, 1.13271164894104, 1.1337811946868896, 1.1450848579406738, 1.127224326133728, 1.1391361951828003, 1.1421068906784058, 1.16337251663208, 1.1602827310562134, 1.1568338871002197, 1.1686832904815674, 1.172122836112976, 1.2057521343231201, 1.2036465406417847, 1.1976652145385742, 1.1894980669021606, 1.251556396484375, 1.242763876914978, 1.2221859693527222, 1.2140867710113525, 1.1831437349319458, 1.1902215480804443, 1.1670335531234741, 1.1529844999313354, 1.1479467153549194, 1.1309590339660645, 1.1171081066131592, 1.133399486541748, 1.108312964439392, 1.0917176008224487, 1.0710941553115845, 1.0421645641326904, 1.0711219310760498, 1.0544922351837158, 1.051094651222229, 1.0351828336715698, 1.0336556434631348, 1.0135866403579712, 1.000515341758728, 1.0086854696273804, 0.9793927073478699, 0.970991849899292, 0.9915039539337158, 0.9737272262573242, 0.9564968347549438, 0.9368308782577515, 0.9484434723854065, 0.9410197734832764, 0.9301027059555054, 0.945480227470398, 0.9110192656517029, 0.936710000038147, 0.9109237790107727, 0.9065216183662415, 0.8839232325553894, 0.8762210607528687, 0.8708330392837524, 0.8771073222160339, 0.8830346465110779, 0.8473366498947144, 0.8521373271942139, 0.8630233407020569, 0.8581475615501404, 0.8560671806335449, 0.8472979068756104, 0.8417673110961914, 0.8473314046859741, 0.8266981840133667, 0.8360142111778259, 0.8129630088806152, 0.8114075660705566, 0.8036152124404907, 0.8179502487182617, 0.8103809356689453, 0.7965091466903687, 0.808559238910675, 0.8009734153747559, 0.7755103707313538, 0.791490912437439, 0.7860990166664124, 0.7928062677383423, 0.7789692878723145, 0.7908437252044678, 0.7713543772697449, 0.7783217430114746, 0.7631877660751343, 0.777371346950531, 0.7402186989784241, 0.7466749548912048, 0.7567678093910217, 0.7621016502380371, 0.7596814632415771, 0.766331136226654, 0.7547279596328735, 0.7493162155151367, 0.742236316204071, 0.7346786856651306, 0.73633873462677, 0.7434108257293701, 0.7439329028129578, 0.740064799785614, 0.7702476978302002, 2.7904694080352783, 2.7788617610931396, 2.8049991130828857, 2.7613813877105713, 2.771186590194702, 2.7658517360687256, 2.7610461711883545, 2.7407493591308594, 2.752171754837036, 2.7424890995025635, 2.7466137409210205, 2.732776403427124, 2.732349395751953, 2.735267400741577, 2.717949628829956, 2.71138072013855, 2.7164974212646484, 2.6915416717529297, 2.694953680038452, 2.706589460372925, 2.714956760406494, 2.7239480018615723, 3.135439157485962, 3.1712605953216553, 3.9596095085144043, inf, inf, inf, inf, inf, inf, inf, inf, inf, inf, inf, inf, inf, inf, inf, inf, inf, inf, inf, inf, inf, inf, inf, inf, inf, inf, inf, inf, inf, inf, inf, inf, inf, inf, inf, inf, inf, inf, inf, inf, inf, inf, inf, inf, inf, inf, inf, inf, inf, inf, inf, inf, inf, inf, inf, inf, inf, inf, inf, inf, inf, inf, inf, inf]
intensities: [0.0, 0.0, 0.0, 0.0, 0.0, 0.0, 0.0, 0.0, 0.0, 0.0, 0.0, 0.0, 0.0, 0.0, 0.0, 0.0, 0.0, 0.0, 0.0, 0.0, 0.0, 0.0, 0.0, 0.0, 0.0, 0.0, 0.0, 0.0, 0.0, 0.0, 0.0, 0.0, 0.0, 0.0, 0.0, 0.0, 0.0, 0.0, 0.0, 0.0, 0.0, 0.0, 0.0, 0.0, 0.0, 0.0, 0.0, 0.0, 0.0, 0.0, 0.0, 0.0, 0.0, 0.0, 0.0, 0.0, 0.0, 0.0, 0.0, 0.0, 0.0, 0.0, 0.0, 0.0, 0.0, 0.0, 0.0, 0.0, 0.0, 0.0, 0.0, 0.0, 0.0, 0.0, 0.0, 0.0, 0.0, 0.0, 0.0, 0.0, 0.0, 0.0, 0.0, 0.0, 0.0, 0.0, 0.0, 0.0, 0.0, 0.0, 0.0, 0.0, 0.0, 0.0, 0.0, 0.0, 0.0, 0.0, 0.0, 0.0, 0.0, 0.0, 0.0, 0.0, 0.0, 0.0, 0.0, 0.0, 0.0, 0.0, 0.0, 0.0, 0.0, 0.0, 0.0, 0.0, 0.0, 0.0, 0.0, 0.0, 0.0, 0.0, 0.0, 0.0, 0.0, 0.0, 0.0, 0.0, 0.0, 0.0, 0.0, 0.0, 0.0, 0.0, 0.0, 0.0, 0.0, 0.0, 0.0, 0.0, 0.0, 0.0, 0.0, 0.0, 0.0, 0.0, 0.0, 0.0, 0.0, 0.0, 0.0, 0.0, 0.0, 0.0, 0.0, 0.0, 0.0, 0.0, 0.0, 0.0, 0.0, 0.0, 0.0, 0.0, 0.0, 0.0, 0.0, 0.0, 0.0, 0.0, 0.0, 0.0, 0.0, 0.0, 0.0, 0.0, 0.0, 0.0, 0.0, 0.0, 0.0, 0.0, 0.0, 0.0, 0.0, 0.0, 0.0, 0.0, 0.0, 0.0, 0.0, 0.0, 0.0, 0.0, 0.0, 0.0, 0.0, 0.0, 0.0, 0.0, 0.0, 0.0, 0.0, 0.0, 0.0, 0.0, 0.0, 0.0, 0.0, 0.0, 0.0, 0.0, 0.0, 0.0, 0.0, 0.0, 0.0, 0.0, 0.0, 0.0, 0.0, 0.0, 0.0, 0.0, 0.0, 0.0, 0.0, 0.0, 0.0, 0.0, 0.0, 0.0, 0.0, 0.0, 0.0, 0.0, 0.0, 0.0, 0.0, 0.0, 0.0, 0.0, 0.0, 0.0, 0.0, 0.0, 0.0, 0.0, 0.0, 0.0, 0.0, 0.0, 0.0, 0.0, 0.0, 0.0, 0.0, 0.0, 0.0, 0.0, 0.0, 0.0, 0.0, 0.0, 0.0, 0.0, 0.0, 0.0, 0.0, 0.0, 0.0, 0.0, 0.0, 0.0, 0.0, 0.0, 0.0, 0.0, 0.0, 0.0, 0.0, 0.0, 0.0, 0.0, 0.0, 0.0, 0.0, 0.0, 0.0, 0.0, 0.0, 0.0, 0.0, 0.0, 0.0, 0.0, 0.0, 0.0, 0.0, 0.0, 0.0, 0.0, 0.0, 0.0, 0.0, 0.0, 0.0, 0.0, 0.0, 0.0, 0.0, 0.0, 0.0, 0.0, 0.0, 0.0, 0.0, 0.0, 0.0, 0.0, 0.0, 0.0, 0.0, 0.0, 0.0, 0.0, 0.0, 0.0, 0.0, 0.0, 0.0, 0.0, 0.0, 0.0, 0.0, 0.0, 0.0, 0.0, 0.0, 0.0, 0.0, 0.0, 0.0, 0.0, 0.0, 0.0, 0.0, 0.0, 0.0, 0.0, 0.0, 0.0, 0.0, 0.0, 0.0, 0.0, 0.0, 0.0, 0.0, 0.0, 0.0, 0.0, 0.0, 0.0, 0.0, 0.0, 0.0, 0.0, 0.0, 0.0, 0.0, 0.0, 0.0, 0.0, 0.0, 0.0, 0.0, 0.0]
---
