header: 
  seq: 2865
  stamp: 
    secs: 390
    nsecs: 450000000
  frame_id: "laser_link"
angle_min: -1.5707999467849731
angle_max: 1.5707999467849731
angle_increment: 0.008333156816661358
time_increment: 0.0
scan_time: 0.0
range_min: 0.10000000149011612
range_max: 12.0
ranges: [inf, inf, inf, inf, inf, inf, inf, inf, inf, inf, inf, inf, inf, inf, inf, inf, inf, inf, inf, inf, inf, inf, inf, inf, inf, inf, inf, inf, inf, inf, inf, inf, inf, inf, inf, inf, inf, inf, inf, inf, inf, inf, inf, inf, inf, inf, inf, inf, inf, inf, inf, inf, inf, inf, inf, 0.6897289156913757, 0.7099937200546265, 0.6842916011810303, 0.6795821189880371, 0.6683868169784546, 0.682427704334259, 0.6853511333465576, 0.6669387221336365, 0.677638053894043, 0.6728982329368591, 0.7051088809967041, 0.7291002869606018, 0.725727915763855, 0.7611810564994812, 0.7569788098335266, 0.7975492477416992, 0.8006435632705688, 0.8306154608726501, 0.8555890917778015, 0.8708474040031433, 0.91657555103302, 0.9309574365615845, 0.9652751088142395, 0.9906055927276611, 1.00615394115448, 1.0349435806274414, 1.089449167251587, 1.1167025566101074, 1.1579934358596802, 1.193616509437561, 1.243726134300232, 1.3048510551452637, 1.3418028354644775, 1.4109265804290771, 1.5067863464355469, 1.537211298942566, 1.6346921920776367, 1.7295703887939453, 1.8174145221710205, 1.9443045854568481, 2.072664737701416, 2.222907304763794, 2.404940366744995, 2.5968821048736572, inf, inf, 3.0930182933807373, 3.0861291885375977, 3.097092866897583, 3.0872650146484375, 3.1093742847442627, 3.7599563598632812, 3.9948325157165527, 4.030527114868164, 4.07452917098999, 4.307140350341797, 4.2870965003967285, 4.314132213592529, 4.3355937004089355, inf, 4.573899745941162, 4.527599334716797, 4.5436110496521, 4.563453197479248, inf, inf, 3.448824882507324, 1.715091347694397, 1.610395073890686, 1.4689500331878662, 1.4310710430145264, 1.4227778911590576, 1.417875051498413, 1.4326732158660889, 1.4443368911743164, 1.4281651973724365, 1.4365038871765137, 1.449204444885254, 1.4533355236053467, 1.4484540224075317, 1.4657292366027832, 1.4779284000396729, 1.4444831609725952, 1.452531099319458, 1.4602856636047363, 1.4508167505264282, 1.4530913829803467, 1.4725635051727295, 1.4856692552566528, 1.4604910612106323, 1.4816559553146362, 1.4981056451797485, 1.5097311735153198, 1.4945573806762695, 1.487616777420044, 1.5012104511260986, 1.516456127166748, 1.5026795864105225, 1.6339555978775024, 1.6075115203857422, 1.585045576095581, 1.53865647315979, 1.533573865890503, 1.5334395170211792, 1.5481884479522705, 1.5650980472564697, 1.5680495500564575, 1.554733395576477, 1.557501196861267, 1.5737664699554443, 1.5852433443069458, 1.5936541557312012, 1.6014482975006104, 1.6167620420455933, 1.608187198638916, 1.6005219221115112, 1.6171813011169434, 1.6335090398788452, 1.630483865737915, 1.6394760608673096, 1.6405969858169556, 1.6643264293670654, 1.669245719909668, 1.6835005283355713, 1.6954139471054077, 1.7368472814559937, 1.7127693891525269, 1.6917295455932617, 1.66786527633667, 1.6414891481399536, 1.621354103088379, 1.6069018840789795, 1.5963612794876099, 1.582743763923645, 1.5446761846542358, 1.5411372184753418, 1.5134990215301514, 1.5060639381408691, 1.4958382844924927, 1.4792572259902954, 1.4514164924621582, 1.4506396055221558, 1.4366700649261475, 1.4133168458938599, 1.3982480764389038, 1.3832242488861084, 1.4010542631149292, 1.393546223640442, 1.3638724088668823, 1.3407413959503174, 1.3388912677764893, 1.3321563005447388, 1.2990736961364746, 1.295009970664978, 1.289328694343567, 1.282488226890564, 1.2849668264389038, 1.2647477388381958, 1.2784467935562134, 1.2443791627883911, 1.2346267700195312, 1.2296420335769653, 1.2241724729537964, 1.226719856262207, 1.201805830001831, 1.1893157958984375, 1.2128506898880005, 1.1805306673049927, 1.1717021465301514, 1.1663200855255127, 1.1791082620620728, 1.168531894683838, 1.1617658138275146, 1.1374785900115967, 1.1239964962005615, 1.1442197561264038, 1.1442458629608154, 1.1626230478286743, 3.4496617317199707, 3.4073987007141113, 3.3977038860321045, 3.379558801651001, 3.3511388301849365, 3.3825080394744873, 3.3498141765594482, 3.3390445709228516, 3.3159291744232178, 3.30484676361084, 3.278040885925293, 3.2624638080596924, 3.243802309036255, 3.2474653720855713, 3.2256243228912354, 3.228135824203491, 3.202042579650879, 3.2000207901000977, 3.193410873413086, 3.1674811840057373, 3.176442861557007, 3.1720356941223145, 3.1536123752593994, 3.148421287536621, 3.1368117332458496, 3.1286778450012207, 3.1231846809387207, 3.0772881507873535, 3.1173410415649414, 3.0821757316589355, 3.0680959224700928, 3.052006959915161, 3.0350892543792725, 3.055326223373413, 3.0656375885009766, 3.029309034347534, 3.016903877258301, 3.0187740325927734, 3.012730836868286, 3.0072970390319824, 3.0135140419006348, 3.444028377532959, 3.431525230407715, 3.4162557125091553, 3.8506667613983154, 3.8495771884918213, 3.8225817680358887, 4.255801200866699, 4.288730621337891, inf, inf, inf, inf, inf, inf, inf, inf, inf, inf, inf, inf, inf, inf, inf, inf, inf, inf, inf, inf, inf, inf, inf, inf, inf, inf, inf, inf, inf, inf, inf, inf, inf, inf, inf, inf, inf, inf, inf, inf, inf, inf, inf, inf, inf, inf, inf, inf, inf, inf, inf, inf, inf, inf, inf, inf, inf, inf, inf, inf, inf, inf, inf, inf, inf, inf, inf, inf, inf, inf, inf, inf, inf, inf, inf, inf, inf, inf, inf, inf, inf, inf, inf, inf, inf, inf, inf, inf, inf, inf, inf, inf, inf, inf, inf, inf]
intensities: [0.0, 0.0, 0.0, 0.0, 0.0, 0.0, 0.0, 0.0, 0.0, 0.0, 0.0, 0.0, 0.0, 0.0, 0.0, 0.0, 0.0, 0.0, 0.0, 0.0, 0.0, 0.0, 0.0, 0.0, 0.0, 0.0, 0.0, 0.0, 0.0, 0.0, 0.0, 0.0, 0.0, 0.0, 0.0, 0.0, 0.0, 0.0, 0.0, 0.0, 0.0, 0.0, 0.0, 0.0, 0.0, 0.0, 0.0, 0.0, 0.0, 0.0, 0.0, 0.0, 0.0, 0.0, 0.0, 0.0, 0.0, 0.0, 0.0, 0.0, 0.0, 0.0, 0.0, 0.0, 0.0, 0.0, 0.0, 0.0, 0.0, 0.0, 0.0, 0.0, 0.0, 0.0, 0.0, 0.0, 0.0, 0.0, 0.0, 0.0, 0.0, 0.0, 0.0, 0.0, 0.0, 0.0, 0.0, 0.0, 0.0, 0.0, 0.0, 0.0, 0.0, 0.0, 0.0, 0.0, 0.0, 0.0, 0.0, 0.0, 0.0, 0.0, 0.0, 0.0, 0.0, 0.0, 0.0, 0.0, 0.0, 0.0, 0.0, 0.0, 0.0, 0.0, 0.0, 0.0, 0.0, 0.0, 0.0, 0.0, 0.0, 0.0, 0.0, 0.0, 0.0, 0.0, 0.0, 0.0, 0.0, 0.0, 0.0, 0.0, 0.0, 0.0, 0.0, 0.0, 0.0, 0.0, 0.0, 0.0, 0.0, 0.0, 0.0, 0.0, 0.0, 0.0, 0.0, 0.0, 0.0, 0.0, 0.0, 0.0, 0.0, 0.0, 0.0, 0.0, 0.0, 0.0, 0.0, 0.0, 0.0, 0.0, 0.0, 0.0, 0.0, 0.0, 0.0, 0.0, 0.0, 0.0, 0.0, 0.0, 0.0, 0.0, 0.0, 0.0, 0.0, 0.0, 0.0, 0.0, 0.0, 0.0, 0.0, 0.0, 0.0, 0.0, 0.0, 0.0, 0.0, 0.0, 0.0, 0.0, 0.0, 0.0, 0.0, 0.0, 0.0, 0.0, 0.0, 0.0, 0.0, 0.0, 0.0, 0.0, 0.0, 0.0, 0.0, 0.0, 0.0, 0.0, 0.0, 0.0, 0.0, 0.0, 0.0, 0.0, 0.0, 0.0, 0.0, 0.0, 0.0, 0.0, 0.0, 0.0, 0.0, 0.0, 0.0, 0.0, 0.0, 0.0, 0.0, 0.0, 0.0, 0.0, 0.0, 0.0, 0.0, 0.0, 0.0, 0.0, 0.0, 0.0, 0.0, 0.0, 0.0, 0.0, 0.0, 0.0, 0.0, 0.0, 0.0, 0.0, 0.0, 0.0, 0.0, 0.0, 0.0, 0.0, 0.0, 0.0, 0.0, 0.0, 0.0, 0.0, 0.0, 0.0, 0.0, 0.0, 0.0, 0.0, 0.0, 0.0, 0.0, 0.0, 0.0, 0.0, 0.0, 0.0, 0.0, 0.0, 0.0, 0.0, 0.0, 0.0, 0.0, 0.0, 0.0, 0.0, 0.0, 0.0, 0.0, 0.0, 0.0, 0.0, 0.0, 0.0, 0.0, 0.0, 0.0, 0.0, 0.0, 0.0, 0.0, 0.0, 0.0, 0.0, 0.0, 0.0, 0.0, 0.0, 0.0, 0.0, 0.0, 0.0, 0.0, 0.0, 0.0, 0.0, 0.0, 0.0, 0.0, 0.0, 0.0, 0.0, 0.0, 0.0, 0.0, 0.0, 0.0, 0.0, 0.0, 0.0, 0.0, 0.0, 0.0, 0.0, 0.0, 0.0, 0.0, 0.0, 0.0, 0.0, 0.0, 0.0, 0.0, 0.0, 0.0, 0.0, 0.0, 0.0, 0.0, 0.0, 0.0, 0.0, 0.0, 0.0, 0.0, 0.0, 0.0, 0.0, 0.0, 0.0, 0.0, 0.0, 0.0, 0.0, 0.0, 0.0, 0.0, 0.0, 0.0, 0.0, 0.0, 0.0, 0.0, 0.0, 0.0, 0.0]
---
