header: 
  seq: 2380
  stamp: 
    secs: 327
    nsecs: 400000000
  frame_id: "laser_link"
angle_min: -1.5707999467849731
angle_max: 1.5707999467849731
angle_increment: 0.008333156816661358
time_increment: 0.0
scan_time: 0.0
range_min: 0.10000000149011612
range_max: 12.0
ranges: [inf, inf, inf, inf, inf, inf, inf, inf, inf, inf, inf, inf, inf, inf, inf, inf, inf, inf, inf, inf, inf, inf, inf, inf, inf, inf, inf, inf, inf, inf, inf, inf, inf, inf, inf, inf, inf, inf, inf, inf, inf, inf, inf, inf, inf, inf, inf, inf, inf, inf, inf, inf, inf, inf, inf, inf, inf, inf, inf, inf, inf, inf, inf, inf, inf, inf, inf, inf, inf, inf, inf, inf, inf, inf, inf, inf, inf, inf, inf, inf, inf, inf, inf, inf, inf, inf, inf, inf, inf, inf, inf, inf, inf, inf, inf, inf, inf, inf, inf, inf, inf, inf, inf, inf, inf, inf, inf, inf, inf, inf, inf, inf, inf, inf, inf, inf, inf, inf, inf, inf, inf, inf, inf, inf, inf, inf, inf, 0.9504567980766296, 0.9317474365234375, 0.9264260530471802, 0.9322060346603394, 0.9348058104515076, 0.9300117492675781, 0.9293599128723145, 1.4566419124603271, 3.4707717895507812, 3.4266955852508545, 3.4048690795898438, 3.4029550552368164, 3.4233720302581787, 4.3142499923706055, 4.3527607917785645, 4.605376720428467, 4.601188659667969, 4.611141681671143, inf, 4.879870414733887, 4.865803241729736, 4.880885601043701, 4.933639049530029, inf, inf, 5.081995487213135, 3.8067569732666016, 3.778773069381714, 3.764833927154541, 3.7648191452026367, 3.802213430404663, 4.387670040130615, 2.1207563877105713, 2.007321357727051, 1.9572027921676636, 1.858540415763855, 1.8219736814498901, 1.7679322957992554, 1.769307017326355, 1.7872071266174316, 1.7994630336761475, 1.791782021522522, 1.7965425252914429, 1.791824460029602, 1.8070601224899292, 1.8207937479019165, 1.8168494701385498, 1.8304380178451538, 1.8461565971374512, 1.850467562675476, 1.8452271223068237, 1.8453586101531982, 1.8425902128219604, 1.864292025566101, 1.876424789428711, 1.864585280418396, 1.8841572999954224, 1.8769258260726929, 1.8855706453323364, 1.9922460317611694, 1.935468077659607, 1.9045158624649048, 1.9302736520767212, 1.9371901750564575, 1.912851095199585, 1.9510071277618408, 1.9599199295043945, 1.9698212146759033, 1.9676742553710938, 1.972118854522705, 1.9906762838363647, 1.997745394706726, 2.0096094608306885, 2.01869535446167, 2.0374186038970947, 2.0184144973754883, 2.0514678955078125, 2.0524725914001465, 2.0546014308929443, 2.1024551391601562, 2.135028123855591, 2.1136655807495117, 2.0622758865356445, 2.0481114387512207, 2.0227651596069336, 1.9871243238449097, 1.9668543338775635, 1.9643292427062988, 1.9478542804718018, 1.9357149600982666, 1.8916566371917725, 1.868006944656372, 1.8481172323226929, 1.8293867111206055, 1.835683822631836, 1.821965217590332, 1.8114179372787476, 1.7780542373657227, 1.7552162408828735, 1.7445894479751587, 1.7287408113479614, 1.7081242799758911, 1.706782341003418, 1.6901371479034424, 1.6540049314498901, 1.6670808792114258, 1.6604498624801636, 1.6264859437942505, 1.6278647184371948, 1.622529149055481, 1.5984621047973633, 1.5738344192504883, 1.5647295713424683, 1.5631847381591797, 1.5388449430465698, 1.524461030960083, 1.5179226398468018, 1.5066955089569092, 1.5128610134124756, 1.5217640399932861, 3.963136672973633, 3.943835496902466, 3.918170690536499, 3.8898677825927734, 3.859039068222046, 3.844813346862793, 3.8358559608459473, 3.8075881004333496, 3.826585292816162, 3.7618355751037598, 3.756836175918579, 3.7434654235839844, 3.713425874710083, 3.674529552459717, 3.6931979656219482, 3.6619629859924316, 3.6280243396759033, 3.6248724460601807, 3.593601942062378, 3.6068997383117676, 3.578829765319824, 3.5659186840057373, 3.5431106090545654, 3.5318729877471924, 3.50746488571167, 3.497091770172119, 3.489610433578491, 3.4737236499786377, 3.4646973609924316, 3.459587812423706, 3.433082103729248, 3.4315102100372314, 3.4188592433929443, 3.3912765979766846, 3.406564712524414, 3.3832690715789795, 3.3684282302856445, 3.3695497512817383, 3.355695962905884, 3.3681931495666504, 3.3566057682037354, 3.3512799739837646, 3.307551860809326, 3.328648090362549, 3.742636203765869, 3.7419064044952393, 3.7163302898406982, 3.7684121131896973, 4.1316375732421875, 4.1395063400268555, 4.548038482666016, 4.570530891418457, 4.52916145324707, inf, inf, inf, inf, inf, inf, inf, inf, inf, inf, inf, inf, inf, inf, inf, inf, inf, inf, inf, inf, inf, inf, inf, inf, inf, inf, inf, inf, inf, inf, inf, inf, inf, inf, inf, inf, inf, inf, inf, inf, inf, inf, inf, inf, inf, inf, inf, inf, inf, inf, inf, inf, inf, inf, inf, inf, inf, inf, inf, inf, inf, inf, inf, inf, inf, inf, inf, inf, inf, inf, inf, inf, inf, inf, inf, inf, inf, inf]
intensities: [0.0, 0.0, 0.0, 0.0, 0.0, 0.0, 0.0, 0.0, 0.0, 0.0, 0.0, 0.0, 0.0, 0.0, 0.0, 0.0, 0.0, 0.0, 0.0, 0.0, 0.0, 0.0, 0.0, 0.0, 0.0, 0.0, 0.0, 0.0, 0.0, 0.0, 0.0, 0.0, 0.0, 0.0, 0.0, 0.0, 0.0, 0.0, 0.0, 0.0, 0.0, 0.0, 0.0, 0.0, 0.0, 0.0, 0.0, 0.0, 0.0, 0.0, 0.0, 0.0, 0.0, 0.0, 0.0, 0.0, 0.0, 0.0, 0.0, 0.0, 0.0, 0.0, 0.0, 0.0, 0.0, 0.0, 0.0, 0.0, 0.0, 0.0, 0.0, 0.0, 0.0, 0.0, 0.0, 0.0, 0.0, 0.0, 0.0, 0.0, 0.0, 0.0, 0.0, 0.0, 0.0, 0.0, 0.0, 0.0, 0.0, 0.0, 0.0, 0.0, 0.0, 0.0, 0.0, 0.0, 0.0, 0.0, 0.0, 0.0, 0.0, 0.0, 0.0, 0.0, 0.0, 0.0, 0.0, 0.0, 0.0, 0.0, 0.0, 0.0, 0.0, 0.0, 0.0, 0.0, 0.0, 0.0, 0.0, 0.0, 0.0, 0.0, 0.0, 0.0, 0.0, 0.0, 0.0, 0.0, 0.0, 0.0, 0.0, 0.0, 0.0, 0.0, 0.0, 0.0, 0.0, 0.0, 0.0, 0.0, 0.0, 0.0, 0.0, 0.0, 0.0, 0.0, 0.0, 0.0, 0.0, 0.0, 0.0, 0.0, 0.0, 0.0, 0.0, 0.0, 0.0, 0.0, 0.0, 0.0, 0.0, 0.0, 0.0, 0.0, 0.0, 0.0, 0.0, 0.0, 0.0, 0.0, 0.0, 0.0, 0.0, 0.0, 0.0, 0.0, 0.0, 0.0, 0.0, 0.0, 0.0, 0.0, 0.0, 0.0, 0.0, 0.0, 0.0, 0.0, 0.0, 0.0, 0.0, 0.0, 0.0, 0.0, 0.0, 0.0, 0.0, 0.0, 0.0, 0.0, 0.0, 0.0, 0.0, 0.0, 0.0, 0.0, 0.0, 0.0, 0.0, 0.0, 0.0, 0.0, 0.0, 0.0, 0.0, 0.0, 0.0, 0.0, 0.0, 0.0, 0.0, 0.0, 0.0, 0.0, 0.0, 0.0, 0.0, 0.0, 0.0, 0.0, 0.0, 0.0, 0.0, 0.0, 0.0, 0.0, 0.0, 0.0, 0.0, 0.0, 0.0, 0.0, 0.0, 0.0, 0.0, 0.0, 0.0, 0.0, 0.0, 0.0, 0.0, 0.0, 0.0, 0.0, 0.0, 0.0, 0.0, 0.0, 0.0, 0.0, 0.0, 0.0, 0.0, 0.0, 0.0, 0.0, 0.0, 0.0, 0.0, 0.0, 0.0, 0.0, 0.0, 0.0, 0.0, 0.0, 0.0, 0.0, 0.0, 0.0, 0.0, 0.0, 0.0, 0.0, 0.0, 0.0, 0.0, 0.0, 0.0, 0.0, 0.0, 0.0, 0.0, 0.0, 0.0, 0.0, 0.0, 0.0, 0.0, 0.0, 0.0, 0.0, 0.0, 0.0, 0.0, 0.0, 0.0, 0.0, 0.0, 0.0, 0.0, 0.0, 0.0, 0.0, 0.0, 0.0, 0.0, 0.0, 0.0, 0.0, 0.0, 0.0, 0.0, 0.0, 0.0, 0.0, 0.0, 0.0, 0.0, 0.0, 0.0, 0.0, 0.0, 0.0, 0.0, 0.0, 0.0, 0.0, 0.0, 0.0, 0.0, 0.0, 0.0, 0.0, 0.0, 0.0, 0.0, 0.0, 0.0, 0.0, 0.0, 0.0, 0.0, 0.0, 0.0, 0.0, 0.0, 0.0, 0.0, 0.0, 0.0, 0.0, 0.0, 0.0, 0.0, 0.0, 0.0, 0.0, 0.0, 0.0, 0.0, 0.0, 0.0, 0.0, 0.0, 0.0, 0.0, 0.0]
---
